### 효과자막(분홍) — 글자높이 55~180 인 것만 (그 밖은 원본 화면의 붉은 물체)
id                   조회   개수    분당  등장시각(초)
WbUliW8Or7E   2,865,212    4   6.2  0.3 24.3 25.7 37.4
QHQQUUvabTI   1,532,073    4   5.9  0.0 4.1 11.5 35.1
MnNbNKRolKY     779,339    2   3.8  0.0 30.6
JfIpkCgQQrg     153,529    3   4.6  9.8 17.4 37.5
CtpJmuxKLlw     144,300    3   4.9  4.8 20.9 26.9
Ob5wDXr7WpE      93,195    4   5.5  0.0 2.0 37.3 39.6
0RoAoNgCe4U      44,103    5   7.0  0.0 1.2 24.8 38.2 40.8
u1kt0pSk5_s      39,489    1   1.5  33.1
4FvEiWHpZxk      36,860    4   5.7  4.4 9.8 11.8 29.5
G4nGa8zfW28       6,406    3   4.1  0.0 0.9 25.9

  글자높이: 85 75 68 100 96 101 114 64 160 151 119 75 71 89 78 114 85 165 110 101 92 121 71 121 160 87 78 100 57 100 110 64 92
  중심 y  : 1208 1210 506 1208 1210 1216 1226 1311 1363 574 1189 1409 1158 1135 1172 540 721 519 1238 1234 1208 963 1215 1222 516 528 1176 1197 1372 660 765 669 796

  분홍 대표색(상위 표본):
    u1kt0pSk5_s_496.png          화소 21043  #E12CCB
    MnNbNKRolKY_0.png            화소 11999  #FD91D8
    QHQQUUvabTI_1203.png         화소 11308  #FD91D7
    CtpJmuxKLlw_633.png          화소  9135  #FC8DD5